tf.Tensor(
[[[[0.0000000e+00]
   [0.0000000e+00]
   [0.0000000e+00]
   [0.0000000e+00]
   [0.0000000e+00]]

  [[1.9287572e-22]
   [1.9287572e-22]
   [1.9287572e-22]
   [1.9287572e-22]
   [1.9287572e-22]]

  [[0.0000000e+00]
   [0.0000000e+00]
   [0.0000000e+00]
   [0.0000000e+00]
   [0.0000000e+00]]]


 [[[1.9287572e-22]
   [1.9287572e-22]
   [1.9287572e-22]
   [1.9287572e-22]
   [1.9287572e-22]]

  [[1.0000000e+00]
   [1.0000000e+00]
   [1.0000000e+00]
   [1.0000000e+00]
   [1.0000000e+00]]

  [[1.9287572e-22]
   [1.9287572e-22]
   [1.9287572e-22]
   [1.9287572e-22]
   [1.9287572e-22]]]


 [[[0.0000000e+00]
   [0.0000000e+00]
   [0.0000000e+00]
   [0.0000000e+00]
   [0.0000000e+00]]

  [[1.9287572e-22]
   [1.9287572e-22]
   [1.9287572e-22]
   [1.9287572e-22]
   [1.9287572e-22]]

  [[0.0000000e+00]
   [0.0000000e+00]
   [0.0000000e+00]
   [0.0000000e+00]
   [0.0000000e+00]]]], shape=(3, 3, 5, 1), dtype=float32)
























tensor([[[[3.7835e-44],
          [3.7835e-44],
          [3.7835e-44],
          [3.7835e-44],
          [3.7835e-44]],

         [[1.9288e-22],
          [1.9288e-22],
          [1.9288e-22],
          [1.9288e-22],
          [1.9288e-22]],

         [[3.7835e-44],
          [3.7835e-44],
          [3.7835e-44],
          [3.7835e-44],
          [3.7835e-44]],

         [[0.0000e+00],
          [0.0000e+00],
          [0.0000e+00],
          [0.0000e+00],
          [0.0000e+00]]],


        [[[1.9288e-22],
          [1.9288e-22],
          [1.9288e-22],
          [1.9288e-22],
          [1.9288e-22]],

         [[1.0000e+00],
          [1.0000e+00],
          [1.0000e+00],
          [1.0000e+00],
          [1.0000e+00]],

         [[1.9288e-22],
          [1.9288e-22],
          [1.9288e-22],
          [1.9288e-22],
          [1.9288e-22]],

         [[0.0000e+00],
          [0.0000e+00],
          [0.0000e+00],
          [0.0000e+00],
          [0.0000e+00]]],


        [[[3.7835e-44],
          [3.7835e-44],
          [3.7835e-44],
          [3.7835e-44],
          [3.7835e-44]],

         [[1.9288e-22],
          [1.9288e-22],
          [1.9288e-22],
          [1.9288e-22],
          [1.9288e-22]],

         [[3.7835e-44],
          [3.7835e-44],
          [3.7835e-44],
          [3.7835e-44],
          [3.7835e-44]],

         [[0.0000e+00],
          [0.0000e+00],
          [0.0000e+00],
          [0.0000e+00],
          [0.0000e+00]]],


        [[[0.0000e+00],
          [0.0000e+00],
          [0.0000e+00],
          [0.0000e+00],
          [0.0000e+00]],

         [[0.0000e+00],
          [0.0000e+00],
          [0.0000e+00],
          [0.0000e+00],
          [0.0000e+00]],

         [[0.0000e+00],
          [0.0000e+00],
          [0.0000e+00],
          [0.0000e+00],
          [0.0000e+00]],

         [[0.0000e+00],
          [0.0000e+00],
          [0.0000e+00],
          [0.0000e+00],
          [0.0000e+00]]]])


















